004E|004E|100.000000
0052|0052|100.000000
0052|0050|94.407847
0052|0042|90.835895
005A|005A|100.000000
0048|0048|100.000000
0069|0069|100.000000
0069|006C|95.256917
006B|006B|100.000000
004F|0043|94.261455
004F|004F|100.000000
004F|0047|91.450739
0053|0053|100.000000
0063|0065|92.812180
0063|006F|95.578978
0063|0063|100.000000
0078|0078|100.000000
0059|0059|100.000000
0062|0062|100.000000
006A|006A|100.000000
0047|0047|100.000000
0047|004F|91.450739
0047|0043|94.524960
0046|0050|91.377544
0046|004B|90.221051
0046|0042|90.616308
0046|0045|96.076709
0046|0046|100.000000
0044|0044|100.000000
0045|0042|92.343727
0045|0046|96.076709
0045|0045|100.000000
0041|0041|100.000000
006D|006D|100.000000
0077|0077|100.000000
0076|0076|100.000000
004C|004C|100.000000
0070|0070|100.000000
0074|0074|100.000000
0071|0067|91.084761
0071|0071|100.000000
0075|0075|100.000000
006C|0069|95.256917
006C|0049|90.850534
006C|006C|100.000000
0051|0051|100.000000
0055|0055|100.000000
004D|004D|100.000000
0054|0054|100.000000
0056|0056|100.000000
0050|0046|91.377544
0050|0052|94.407847
0050|0042|91.304348
0050|0050|100.000000
0057|0057|100.000000
0066|0066|100.000000
0067|0071|91.084761
0067|0067|100.000000
0065|0063|92.812180
0065|0065|100.000000
0065|006F|93.514859
0061|0061|100.000000
0064|0064|100.000000
0079|0079|100.000000
0043|004F|94.261455
0043|0047|94.524960
0043|0043|100.000000
0058|0058|100.000000
0042|0052|90.835895
0042|0046|90.616308
0042|0045|92.343727
0042|0050|91.304348
0042|0042|100.000000
004A|004A|100.000000
0073|0073|100.000000
0049|0049|100.000000
0049|006C|90.850534
0068|0068|100.000000
006E|006E|100.000000
0072|0072|100.000000
007A|007A|100.000000
006F|0063|95.578978
006F|0065|93.514859
006F|006F|100.000000
004B|004B|100.000000
004B|0046|90.221051
